1e-05,
0.1065,
0.21666,
0.32294,
0.42973,
0.52987,
0.64015,
0.74569,
0.85112,
0.95762,
1.07129,
1.17513,
1.29046,
1.40123,
1.50775,
1.61906,
1.72613,
1.83747,
1.93883,
2.04439,
2.15051,
2.28951,
2.39411,
2.50553,
2.61145,
2.71662,
2.82779,
2.9349,
3.04205,
3.14404,
3.25569,
3.35705,
3.46225,
3.56669,
3.66748,
3.77933,
3.87993,
3.99158,
4.09752,
4.20813,
4.31422,
4.42542,
4.52623,
4.6269,
4.7423,
4.84873,
5.1212,
5.23098,
5.34501,
5.46095,
5.56743,
5.66815,
5.77872,
5.89539,
6.01171,
6.11256,
6.57243,
6.6832,
6.79095,
6.9006,
7.01209,
7.12063,
7.22511,
7.32576,
7.43525,
7.5364,
7.63762,
8.03956,
8.14913,
8.26446,
8.37079,
8.47082,
8.5741,
8.68022,
8.78705,
8.88892,
8.98958,
9.09063,
9.20063,
9.30101,
9.40678,
9.50727,
9.60826,
9.72365,
9.82901,
9.93108,
10.03659,
10.14084,
10.24773,
10.3543,
10.47043,
10.57864,
10.67878,
10.78634,
10.89754,
