0.0,
0.99342,
1.99557,
2.99683,
3.99786,
5.00319,
6.01847,
7.02072,
8.02249,
9.02496,
10.02643,
11.0288,
12.03054,
13.03167,
14.03354,
15.03675,
16.03863,
17.04154,
18.04448,
19.05027,
20.06184,
21.06446,
22.06664,
23.07175,
24.07483,
25.07987,
26.08968,
27.09229,
28.09334,
29.09548,
30.09817,
31.0998,
32.10142,
33.10299,
34.10526,
35.10724,
36.10893,
37.11125,
38.11223,
39.11507,
40.11678,
41.11848,
42.12048,
43.12242,
44.12339,
45.12648,
46.12841,
47.13037,
48.13237,
49.13386,
50.13625,
51.13742,
52.14299,
53.15302,
54.16088,
55.16327,
56.17313,
57.17369,
58.17532,
59.17764,
60.1887,
61.19346,
62.20318,
63.21324,
64.58941,
65.59309,
66.60308,
67.60329,
68.61235,
69.62309,
70.62531,
71.63262,
72.6456,
73.6474,
74.6529,
75.66806,
76.66974,
77.67226,
78.6735,
79.68237,
80.69388,
81.70208,
82.7151,
83.71896,
84.73505,
85.73717,
