0.0,
0.11645,
0.21698,
0.32391,
0.43484,
0.55118,
0.66705,
0.77781,
0.89127,
0.99641,
1.09625,
1.20631,
1.31659,
1.41718,
1.52318,
1.62434,
1.73808,
1.84298,
1.94885,
2.05875,
2.16025,
2.26734,
2.37633,
2.48643,
2.59484,
2.70569,
2.80635,
2.91519,
3.02629,
3.12652,
3.23906,
3.34426,
3.45877,
3.56143,
3.66275,
3.76297,
3.86859,
3.96924,
4.0798,
4.18339,
4.29126,
4.39234,
4.49623,
4.60358,
4.70391,
4.80942,
4.91037,
5.01442,
5.11667,
5.22158,
5.32188,
5.43208,
5.54204,
5.64913,
5.75665,
5.8664,
5.98613,
6.09325,
6.19945,
6.30647,
6.41203,
6.52628,
6.63423,
6.73648,
6.84651,
6.95631,
7.0582,
7.37699,
7.4902,
7.59227,
7.70252,
7.80351,
7.90623,
8.01339,
8.11623,
8.22108,
8.32253,
8.42627,
8.77719,
8.88611,
8.99586,
9.10403,
9.20595,
9.31582,
9.42273,
9.52333,
9.62805,
9.72967,
9.84026,
9.94588,
10.05231,
10.15835,
