0.0,
1.00536,
2.00626,
3.00792,
4.00982,
5.01187,
6.01388,
7.01565,
8.01747,
9.01942,
10.02295,
11.02371,
12.02463,
13.02751,
14.02893,
15.03098,
16.03263,
17.03442,
18.03676,
19.03941,
20.04041,
21.04254,
22.04441,
23.04626,
24.05102,
25.06697,
26.06871,
27.0708,
28.07304,
29.07431,
30.07649,
31.08429,
32.09619,
33.10183,
34.11181,
35.11946,
36.12979,
37.13475,
38.13623,
39.13845,
40.14557,
41.16488,
42.16618,
43.16816,
44.17041,
45.17169,
46.17375,
47.17616,
48.17766,
49.17942,
50.18198,
51.18354,
52.18651,
53.19173,
54.20695,
55.20833,
56.20937,
57.21179,
58.2184,
59.2284,
60.23278,
61.24112,
