0.0,
1.00688,
2.01469,
3.02375,
4.02522,
5.03463,
6.0347,
7.0351,
8.0351,
9.03675,
10.04222,
11.0545,
12.06451,
13.07488,
14.08511,
15.08573,
16.09402,
17.09416,
18.10976,
19.11214,
20.11378,
21.12349,
22.13181,
23.1453,
24.15447,
25.16258,
26.17356,
27.1765,
28.19214,
29.19616,
30.20371,
31.21218,
32.21657,
33.22331,
34.23227,
35.24375,
36.25272,
37.26389,
38.26618,
39.28091,
40.28227,
41.29695,
42.3009,
43.30926,
44.31125,
45.32548,
46.33197,
47.33309,
48.33461,
49.33689,
50.35201,
51.35658,
52.35907,
53.36505,
54.3749,
55.3804,
56.38067,
57.38599,
58.38831,
59.39565,
60.40129,
61.40864,
62.40935,
63.42249,
64.42664,
65.42855,
66.60091,
67.61453,
68.61876,
69.6229,
70.63643,
71.64025,
72.64226,
73.64549,
74.64717,
75.64859,
76.6526,
77.65636,
78.67034,
79.6715,
80.6744,
81.67566,
82.83923,
83.84408,
84.84894,
85.85228,
86.85777,
87.86071,
88.86664,
89.87062,
90.98396,
91.99626,
92.99948,
94.00167,
95.00579,
96.01996,
97.02671,
98.09545,
99.09911,
100.11436,
101.12567,
102.13206,
103.39149,
104.40275,
105.40489,
106.41262,
107.42548,
108.43232,
109.43423,
110.44652,
111.45593,
112.46074,
113.46677,
114.46888,
115.59281,
116.59311,
117.6013,
118.6029,
119.61558,
120.61647,
121.61846,
122.62029,
123.62336,
124.62442,
125.6262,
126.62827,
127.62975,
128.63111,
129.63314,
130.63369,
131.64415,
132.65667,
133.65848,
134.65953,
135.6666,
136.67003,
137.68292,
138.87579,
139.88495,
140.88886,
141.89075,
